%YAML:1.0
---
calibration_time: "mar 06 nov 2018 11:36:40 CET"
nframes: 10
image_width: 640
image_height: 480
board_width: 5
board_height: 4
square_size: 2.5000000372529030e-02
aspectRatio: 1.
flags: 2
camera_matrix: !!opencv-matrix
   rows: 3
   cols: 3
   dt: d
   data: [ 7.0184142620514228e+02, 0., 2.9591917757371453e+02, 0.,
       7.0184142620514228e+02, 2.4116845089393661e+02, 0., 0., 1. ]
distortion_coefficients: !!opencv-matrix
   rows: 5
   cols: 1
   dt: d
   data: [ 3.4480171522306936e-03, 8.3995495936867393e-01,
       1.9851011865582432e-03, -1.3900553749372862e-02,
       -3.6563857594008393e+00 ]
avg_reprojection_error: 4.9760961841156098e-01
per_view_reprojection_errors: !!opencv-matrix
   rows: 10
   cols: 1
   dt: f
   data: [ 4.16625679e-01, 3.79293352e-01, 4.16108102e-01,
       1.80371821e-01, 3.38906765e-01, 4.43964660e-01, 3.21304947e-01,
       7.42620766e-01, 7.19027042e-01, 6.85089886e-01 ]
extrinsic_parameters: !!opencv-matrix
   rows: 10
   cols: 6
   dt: d
   data: [ -1.4503174168521160e-01, 4.0194366399780301e-01,
       6.1154509471032487e-02, -3.0065427273727952e-02,
       -4.4403316137146147e-02, 2.3481584994289681e-01,
       -3.3754270854972568e-01, 1.7004595063137509e-01,
       4.4186844389722535e-02, -4.4040643404854647e-02,
       -5.1759001697416207e-02, 2.3098322119868775e-01,
       -3.5297914146214027e-01, -3.6393551615072572e-01,
       4.4617192237083797e-02, -5.1189825281671403e-02,
       -4.3933846107234990e-02, 2.1466666449643146e-01,
       -7.7675663598421943e-02, -7.8312430239722841e-03,
       8.6388216486757499e-02, -6.1260353186989629e-02,
       -3.4568748641749684e-02, 2.8656634985993740e-01,
       4.2141335220416021e-01, 2.1262091552435300e-01,
       -1.2941214103504142e-02, -3.2947500372579076e-02,
       -5.1487265281588646e-02, 2.8336575273738762e-01,
       3.7053715672827708e-01, 4.5572866022050690e-01,
       -9.1903612297321399e-02, -4.9730330454355008e-02,
       -3.4828984451193062e-02, 3.1163523692678191e-01,
       3.8120970854038994e-01, -2.1056666138998792e-01,
       2.0626960419288462e-01, -3.5274685730682639e-02,
       -4.6020874707706799e-02, 2.7554263913707810e-01,
       -7.0946736691581580e-01, 7.2636760682741733e-02,
       7.9802774209973663e-03, -4.2468840641601731e-02,
       -5.0310593476120442e-02, 2.3009164750511307e-01,
       -6.0078313771444281e-01, 3.9847750281349897e-01,
       1.9238039194674900e-01, -2.4560190125417766e-02,
       -5.5143513880283566e-02, 2.3895542368172104e-01,
       -6.3520763260500956e-01, -4.2219636615075035e-01,
       -7.4369605789919120e-03, -4.5444103427251539e-02,
       -4.4006087004419839e-02, 2.1204460484529511e-01 ]
image_points: !!opencv-matrix
   rows: 10
   cols: 20
   dt: "2f"
   data: [ 2.04863144e+02, 1.07526398e+02, 2.73569244e+02,
       1.04760757e+02, 3.47396332e+02, 1.01632698e+02, 4.27851410e+02,
       9.76085510e+01, 5.16414001e+02, 9.35424805e+01, 1.97922226e+02,
       1.81395020e+02, 2.66440826e+02, 1.81330322e+02, 3.40640167e+02,
       1.81177429e+02, 4.21644897e+02, 1.80557251e+02, 5.11617249e+02,
       1.80607910e+02, 1.89437088e+02, 2.56709442e+02, 2.59015320e+02,
       2.59837860e+02, 3.33776154e+02, 2.63166473e+02, 4.16105988e+02,
       2.66821777e+02, 5.07111298e+02, 2.71184418e+02, 1.79902664e+02,
       3.34429138e+02, 2.51379440e+02, 3.40694824e+02, 3.27655426e+02,
       3.47834137e+02, 4.11169373e+02, 3.55661041e+02, 5.03203735e+02,
       3.64650909e+02, 1.59819275e+02, 8.22274246e+01, 2.35127182e+02,
       8.14864273e+01, 3.11967529e+02, 8.03783722e+01, 3.91375214e+02,
       7.84635773e+01, 4.73483215e+02, 7.70059814e+01, 1.50083313e+02,
       1.52117676e+02, 2.27380951e+02, 1.51723053e+02, 3.06702209e+02,
       1.51307953e+02, 3.88919525e+02, 1.50201859e+02, 4.74326660e+02,
       1.50147781e+02, 1.38531784e+02, 2.26211288e+02, 2.18954971e+02,
       2.27295624e+02, 3.01142670e+02, 2.27734695e+02, 3.86518372e+02,
       2.28622253e+02, 4.75191376e+02, 2.29913101e+02, 1.25417213e+02,
       3.06026245e+02, 2.09745819e+02, 3.08683929e+02, 2.95480621e+02,
       3.11228851e+02, 3.84209167e+02, 3.13952850e+02, 4.76311462e+02,
       3.16888855e+02, 1.26094910e+02, 9.57321014e+01, 2.07488022e+02,
       1.10924500e+02, 2.81834198e+02, 1.24421440e+02, 3.50624512e+02,
       1.36373367e+02, 4.13818298e+02, 1.47856903e+02, 1.20684174e+02,
       1.71087357e+02, 2.05804596e+02, 1.82639999e+02, 2.83265778e+02,
       1.93224472e+02, 3.54891968e+02, 2.02569168e+02, 4.20225861e+02,
       2.12057144e+02, 1.14902466e+02, 2.51900009e+02, 2.03764618e+02,
       2.60513367e+02, 2.84751312e+02, 2.67865845e+02, 3.58772461e+02,
       2.74966400e+02, 4.26574402e+02, 2.81819641e+02, 1.08391502e+02,
       3.40549774e+02, 2.01344681e+02, 3.45470032e+02, 2.85418213e+02,
       3.49757751e+02, 3.61882446e+02, 3.53900970e+02, 4.32323792e+02,
       3.57682098e+02, 1.44211731e+02, 1.55812164e+02, 2.06471909e+02,
       1.61545792e+02, 2.67897064e+02, 1.67226669e+02, 3.28818024e+02,
       1.72527191e+02, 3.89318085e+02, 1.77992966e+02, 1.37983841e+02,
       2.17189957e+02, 2.00502991e+02, 2.22458420e+02, 2.62296570e+02,
       2.27771713e+02, 3.23746948e+02, 2.33005402e+02, 3.84683411e+02,
       2.38394791e+02, 1.31135895e+02, 2.79243011e+02, 1.94308838e+02,
       2.84357178e+02, 2.56553650e+02, 2.89497681e+02, 3.18455322e+02,
       2.94644714e+02, 3.79976562e+02, 2.99949097e+02, 1.23810463e+02,
       3.42448242e+02, 1.87918991e+02, 3.47147583e+02, 2.50674377e+02,
       3.52111084e+02, 3.13035706e+02, 3.56968048e+02, 3.74863953e+02,
       3.62141052e+02, 2.13544312e+02, 1.13120888e+02, 2.74254974e+02,
       1.12947144e+02, 3.36477234e+02, 1.12929695e+02, 4.00944275e+02,
       1.12762314e+02, 4.67759644e+02, 1.12349182e+02, 2.20316452e+02,
       1.72168961e+02, 2.78512817e+02, 1.73194229e+02, 3.38511597e+02,
       1.74238800e+02, 4.00504974e+02, 1.75464127e+02, 4.65043060e+02,
       1.75922180e+02, 2.26125443e+02, 2.27591248e+02, 2.82531311e+02,
       2.29196304e+02, 3.40422455e+02, 2.31424332e+02, 4.00390900e+02,
       2.33308212e+02, 4.62527649e+02, 2.34856339e+02, 2.31165680e+02,
       2.79820984e+02, 2.86331543e+02, 2.81438446e+02, 3.42451996e+02,
       2.83746185e+02, 4.00481995e+02, 2.86199005e+02, 4.60330780e+02,
       2.88732819e+02, 1.82796310e+02, 1.62223740e+02, 2.31869339e+02,
       1.59014450e+02, 2.83863403e+02, 1.56000275e+02, 3.39554016e+02,
       1.52546783e+02, 3.99989014e+02, 1.48598572e+02, 1.95724411e+02,
       2.15387848e+02, 2.43318329e+02, 2.14406067e+02, 2.93970581e+02,
       2.13362686e+02, 3.48172302e+02, 2.12476257e+02, 4.07155304e+02,
       2.10757065e+02, 2.07115234e+02, 2.66292389e+02, 2.54009964e+02,
       2.66600647e+02, 3.03449310e+02, 2.67825073e+02, 3.56739502e+02,
       2.68498138e+02, 4.14292023e+02, 2.69125183e+02, 2.17479523e+02,
       3.14794708e+02, 2.64287933e+02, 3.16286102e+02, 3.13187317e+02,
       3.18371552e+02, 3.65592987e+02, 3.20580261e+02, 4.21557495e+02,
       3.23154694e+02, 2.05357834e+02, 1.23457237e+02, 2.67374573e+02,
       1.36232224e+02, 3.26223907e+02, 1.48303055e+02, 3.82615356e+02,
       1.59895737e+02, 4.36361267e+02, 1.70733231e+02, 1.93454132e+02,
       1.83023590e+02, 2.53835999e+02, 1.94161392e+02, 3.11459991e+02,
       2.04827209e+02, 3.66785461e+02, 2.15260132e+02, 4.19391876e+02,
       2.24516769e+02, 1.82187180e+02, 2.39670898e+02, 2.41169403e+02,
       2.48920242e+02, 2.97540131e+02, 2.58441498e+02, 3.51485443e+02,
       2.67080444e+02, 4.03078735e+02, 2.75234528e+02, 1.71279999e+02,
       2.93517120e+02, 2.29030548e+02, 3.00640839e+02, 2.83969208e+02,
       3.08246002e+02, 3.36601379e+02, 3.15365631e+02, 3.87175812e+02,
       3.22482727e+02, 1.64265854e+02, 8.62306900e+01, 2.41370041e+02,
       8.50741577e+01, 3.18293854e+02, 8.32789536e+01, 3.95973724e+02,
       8.05877304e+01, 4.74459351e+02, 7.86635971e+01, 1.52288254e+02,
       1.38302277e+02, 2.34795761e+02, 1.36168945e+02, 3.17560638e+02,
